1 2
1 3
1 4
1 5
1 14
1 26
1 38
1 39
1 40
1 41
1 50
1 51
1 52
1 59
1 60
1 61
1 62
1 63
1 70
1 71
2 3
2 4
2 5
2 6
2 10
2 12
2 13
2 14
2 15
2 16
2 17
2 24
2 25
2 26
2 27
2 38
2 50
2 59
2 60
2 61
2 62
2 63
3 4
3 5
3 6
3 7
3 8
3 9
3 10
3 11
3 12
3 13
3 14
3 15
3 16
3 17
3 26
3 50
3 59
3 60
3 61
4 5
4 6
4 7
4 8
4 9
4 10
4 11
4 12
4 13
4 14
4 17
4 50
4 59
4 60
4 61
4 71
5 6
5 7
5 8
5 10
5 12
5 14
5 50
5 51
5 57
5 59
5 60
5 61
5 70
5 71
6 7
6 8
6 9
6 10
6 11
6 12
6 13
7 8
7 9
7 10
7 12
8 9
8 10
8 11
8 12
8 13
9 10
9 11
9 12
10 11
10 12
10 13
11 12
11 13
12 13
12 14
12 15
12 16
12 17
12 24
13 14
13 15
13 16
13 17
13 18
13 20
13 22
13 24
13 25
14 15
14 16
14 17
14 18
14 22
14 24
14 25
14 26
14 27
14 28
14 29
14 36
14 37
14 38
14 39
14 50
14 60
14 63
15 16
15 17
15 18
15 19
15 20
15 21
15 22
15 23
15 24
15 25
15 26
15 27
15 36
15 37
15 38
16 17
16 18
16 19
16 20
16 21
16 22
16 23
16 24
16 25
16 26
16 36
16 37
17 18
17 19
17 20
17 22
17 24
17 26
17 37
17 60
18 19
18 20
18 21
18 22
18 23
18 24
18 25
18 37
19 20
19 21
19 22
19 24
20 21
20 22
20 23
20 24
20 25
21 22
21 23
21 24
22 23
22 24
22 25
23 24
23 25
24 25
24 26
24 27
24 28
24 36
24 37
25 26
25 27
25 28
25 29
25 30
25 36
25 37
26 27
26 28
26 29
26 30
26 34
26 36
26 37
26 38
26 39
26 40
26 41
26 48
26 49
26 50
26 63
27 28
27 29
27 30
27 31
27 32
27 33
27 34
27 35
27 36
27 37
27 38
27 39
27 48
27 49
28 29
28 30
28 31
28 32
28 33
28 34
28 35
28 36
28 37
28 38
28 39
28 48
28 49
29 30
29 31
29 32
29 34
29 36
29 38
29 39
29 40
29 41
29 48
29 49
29 63
30 31
30 32
30 33
30 34
30 35
30 36
30 37
30 49
31 32
31 33
31 34
31 36
32 33
32 34
32 35
32 36
32 37
32 49
33 34
33 35
33 36
34 35
34 36
34 37
34 49
35 36
35 37
36 37
36 38
36 48
36 49
37 38
37 49
38 39
38 40
38 41
38 42
38 46
38 48
38 49
38 50
38 51
38 52
38 59
38 60
38 61
38 62
38 63
39 40
39 41
39 42
39 43
39 44
39 45
39 46
39 47
39 48
39 49
39 50
39 51
39 52
39 61
39 63
40 41
40 42
40 43
40 44
40 45
40 46
40 47
40 48
40 49
40 51
40 52
40 61
40 62
40 63
41 42
41 43
41 44
41 46
41 48
41 50
41 51
41 52
41 61
41 62
41 63
41 64
41 70
42 43
42 44
42 45
42 46
42 47
42 48
42 49
42 52
43 44
43 45
43 46
43 48
44 45
44 46
44 47
44 48
44 49
45 46
45 47
45 48
46 47
46 48
46 49
47 48
47 49
48 49
50 51
50 52
50 53
50 54
50 55
50 56
50 57
50 58
50 59
50 60
50 61
50 70
50 71
51 52
51 53
51 54
51 55
51 56
51 57
51 58
51 59
51 60
51 61
51 70
51 71
52 53
52 54
52 55
52 57
52 59
52 61
52 70
52 71
53 54
53 55
53 56
53 57
53 58
53 59
53 60
53 71
54 55
54 56
54 57
54 59
55 56
55 57
55 58
55 59
55 60
56 57
56 58
56 59
57 58
57 59
57 60
58 59
58 60
59 60
59 71
61 62
61 63
61 64
61 65
61 66
61 67
61 68
61 69
61 70
61 71
62 63
62 64
62 65
62 66
62 67
62 68
62 69
62 70
62 71
63 64
63 65
63 66
63 68
63 70
64 65
64 66
64 67
64 68
64 69
64 70
64 71
65 66
65 67
65 68
65 70
66 67
66 68
66 69
66 70
66 71
67 68
67 69
67 70
68 69
68 70
68 71
69 70
69 71
70 71
